0.0499099
-0.141396
-0.186414
-0.151561
-0.462889
0.208487
0.157619
0.0649022
-0.672241
0.303735
-0.442872
0.789466
-0.687043
-0.464887
0.0967432
-0.211967
0.301183
-0.439847
-0.506828
-0.106062
-2.14764
-1.13702
-0.0897161
-0.421699
0.116401
0.52736
-0.271642
0.319593
-0.0209167
-1.02312
0.802597
-0.177514
0.376051
-0.391771
0.474226
-0.638645
0.0950674
-1.1207
3.44882
-0.100781
0.00819252
-0.0342473
-0.678703
-0.351505
0.502084
-0.0267155
-0.0798956
-0.157679
-0.680848
0.378991
0.601611
2.47555
-9.66867
-16.3386
9.80975
-5.50091
1.6208
0.0597159
-0.38957
-0.022409
0.0380431
0.258695
0.117995
-0.466836
-0.265139
-0.322208
0.0635032
0.582908
-1.96756
2.76307
-9.22948
4.83306
23.1741
-93.7636
52.9304
-12.3259
-5.90664
0.493328
-1.27401
-0.799481
0.0938978
-0.260207
0.768586
0.183488
-0.606881
-1.33877
0.948996
0.317164
-1.33401
-0.255926
-0.134879
-0.338164
-2.74627
20.1307
32.1401
-41.702
-389.72
280.834
4.74315
-3.01942
0.524166
-1.0395
-0.455809
-0.0910874
-0.00870313
-0.426851
0.988158
-2.24787
1.27922
-0.724531
0.114064
-0.251713
0.698521
-0.580518
0.554219
0.069289
2.62869
-2.90578
-21.6048
-25.9684
1.37445
-0.317761
-0.942495
2.28534
1.08543
-2.79578
1.19653
-2.18969
0.0469443
0.192392
-0.218472
-0.0608665
-0.183547
0.205499
0.358653
0.0637376
-0.240841
-0.156062
0.337278
-0.850315
0.891846
-1.52147
0.332325
1.32366
-2.34814
49.503
0.613855
0.382402
-0.397733
-0.251077
0.346141
0.0145047
-0.612653
0.423161
1.44257
0.126077
-0.0971223
0.601958
0.110007
-0.362418
-0.0554258
-1.30226
1.26037
-1.26329
-0.174558
0.905195
-1.02943
-0.868739
0.800099
-1.04912
1.40824
-2.20326
-0.5641
0.136837
0.308321
-0.842034
-0.262745
0.0144026
0.0595415
-0.348583
0.249262
-0.200442
0.244535
0.330007
-0.311194
1.0246
-0.562235
0.917061
0.429106
-0.374773
-0.129457
0.268137
-0.281952
-1.6202
0.619417
-1.10311
0.646974
-0.504575
-0.830907
-0.174958
-0.454374
-1.31756
0.558918
-1.27742
0.924327
-0.762303
-0.515967
0.385081
-1.12207
0.41742
0.560623
0.124739
0.799312
-0.348354
3.52625
-5.38257
1.68306
0.0929948
0.210953
0.620358
-1.14032
2.7423
4.22567
-5.02997
-0.054111
1.22913
0.101899
0.233381
-0.414066
0.69377
-0.0230471
0.352041
0.161954
0.193861
0.33986
0.403908
0.349884
-0.304396
-0.399356
-0.318626
-0.699689
0.642766
-1.15927
5.47586
-0.255326
3.393
-1.17333
-0.846094
2.15836
-2.18058
0.505856
0.124612
-0.270607
-0.750678
-0.75739
0.598637
-0.862525
-0.220538
-1.38601
0.25912
0.34644
0.251647
-0.662357
0.0723937
-1.3272
1.07335
-1.0378
-0.312594
0.0218155
-0.111008
0.0387919
0.0105024
0.208273
-1.35565
0.997421
0.218858
-0.64455
1.07189
-3.07653
1.44013
-1.45968
1.08052
0.307469
0.191953
0.456095
-0.460839
0.0771233
0.265642
0.0459982
0.360423
-0.510026
1.16194
-0.289073
0.0913276
0.152067
-0.194102
-0.24456
-0.190128
0.0694435
-0.604191
-0.0902502
2.02551
-2.06408
1.34959
-0.975627
-0.0435826
0.0234079
-0.092133
0.06248
-0.0655872
-0.487617
0.231337
-0.413083
0.515701
-0.00232421
-0.119656
-0.190635
-0.384593
0.479147
-0.559328
0.116381
-0.355262
0.345801
-0.0762843
-0.182134
-2.3767
1.51456
-0.0775635
-0.0959665
0.129687
-0.192107
0.136374
0.0640259
0.539412
0.090402
-0.291814
0.752685
0.34608
-0.25363
-0.0907879
-0.451728
0.150047
-0.000394616
-0.462281
0.649885
-1.05778
0.0978736
-0.270367
0.911246
-0.612478
0.187254
-0.130498
0.119223
-0.463636
0.372112
0.0497396
-1.53422
0.0884087
0.595525
0.0447421
0.500791
-0.703984
0.424754
-0.37882
0.00550305
0.248734
0.0528024
0.0959865
0.221749
0.253216
-0.0748442
0.303269
-0.98137
-0.444341
0.124342
2.43972
-3.07919
0.00904377
-0.0452199
-0.0378439
0.00862861
0.382369
-0.60157
0.204426
0.104427
0.0237192
0.220653
0.0352945
-0.198624
1.03922
0.912589
-0.832295
0.0113082
0.421783
0.190027
-0.0860705
-0.0992955
-0.240823
-0.292581
0.806445
-0.821557
-0.241122
1.9555
-5.06372
2.52318
-0.0201525
0.0980619
-0.228604
-0.03812
-0.15914
-0.745922
-0.0267021
-0.0328486
-0.268795
-0.0431715
0.241147
0.450483
-0.251053
-0.477234
-0.240655
-0.138868
-0.0130884
0.675645
-0.0603606
-0.589867
0.891202
-3.52336
0.310751
0.456461
0.653711
-0.267262
-0.175311
0.0245498
0.0107073
0.0135733
-0.0201132
-0.523351
0.360499
1.04142
0.947657
-4.29016
0.0229081
0.202568
-0.384463
0.600968
1.6816
2.47009
-3.70024
-0.47752
-0.0971074
-0.728766
0.431509
0.043927
-0.121939
0.0651398
-0.193778
0.40238
0.361076
-1.64794
6.83702
-10.7238
8.94431
3.21728
0.050678
-0.140097
-2.59912
3.57346
1.19665
0.0897891
0.244202
0.278221
-0.439938
-0.0668211
-0.0605263
0.00539752
-0.128431
-1.98027
-3.01103
7.95522
-8.00636
-10.4811
7.03159
-0.0311778
-1.59231
0.700349
0.811357
-0.329651
0.0688754
0.141483
0.0451562
-0.556586
-0.0336389
-0.170891
0.802428
-0.996542
0.811291
0.542684
-0.0135071
-0.191405
-0.095047
-0.0990873
-0.317755
0.62532
0.0345474
0.392256
-0.248434
0.406197
-1.63946
1.0741
-2.41709
1.13421
0.278352
0.653382
-0.164743
-0.753227
-0.332456
-0.183546
1.038
-0.874288
-0.727033
-4.58521
0.90305
-1.01392
0.155133
0.99378
1.12515
0.570876
-0.284533
1.59186
-4.25018
4.12073
-1.29582
-1.32038
-0.587335
4.53787
1.03049
3.24548
-0.535786
1.19273
0.232778
0.515053
-0.327422
-0.797313
-0.392246
-0.212834
-0.413247
-0.122495
-1.96651
-1.38646
-1.64636
-0.0701718
0.431689
-1.26342
-0.288731
-1.18374
-0.136281
-0.862906
0.711445
-0.222964
1.0385
-1.85512
3.00536
-4.20463
2.60429
-0.772108
0.0965789
0.489128
-0.0362702
-0.319567
0.825521
0.0923759
0.221778
-0.405978
0.873988
-3.19714
2.19892
-0.479799
0.739682
1.58884
-2.30069
2.14484
-1.07199
0.527268
-0.103488
-0.457802
-0.133302
-0.150212
-0.526507
1.25387
-0.91383
-0.817713
0.918876
-1.94329
1.56493
-1.88767
-1.35131
2.94028
-6.27474
8.19018
-4.35523
0.901426
-0.237902
-0.0262979
-0.126513
0.767208
-1.84172
3.10132
3.70975
-5.99054
2.00921
-1.71223
3.95452
-3.53999
-0.130919
-0.0302007
0.0459001
-0.72366
-0.0665381
-0.0335693
-0.254943
-0.554877
-0.486108
-0.266184
0.267085
-1.83197
0.230518
-1.24079
-3.76421
0.122807
-0.259089
0.163567
0.0805915
-0.0647709
0.273155
-0.912205
0.471313
-0.1594
-1.15874
4.32464
5.99342
-7.24214
-0.747696
2.11585
0.0343517
0.237411
0.131836
1.15299
-2.9903
3.21635
-3.77653
1.23093
0.767854
-1.82315
0.941778
-1.63355
0.642647
-0.17342
-0.224401
-0.00197903
-0.28555
0.715675
-0.733159
0.242264
0.473975
0.024272
0.284599
1.46524
1.58453
-2.66747
-0.0859385
-0.00159267
0.199665
-0.0379976
0.153176
-0.0699781
-0.343553
0.405207
0.144862
-0.670847
-0.527452
0.442789
-0.0564739
-0.0896348
-0.0374693
-0.121601
0.219413
0.0284778
-0.0100483
-0.510668
0.401165
2.40904
-1.84818
-1.82905
0.766526
-0.167928
-0.0326183
0.159028
0.111412
0.0745366
0.695222
-0.937789
0.337242
-0.276656
1.18322
-1.4143
0.312459
-0.531854
-0.066701
0.431888
0.541075
-0.56798
-0.587331
0.544133
-1.14539
0.401208
-0.0731826
0.00957354
-0.178124
0.0592093
-0.253574
0.157784
0.364876
-0.996416
0.34312
2.13447
-3.11643
0.536408
-0.0465063
0.331405
-0.0959785
-0.116061
0.0979579
1.01408
-0.827049
0.453171
-0.171192
-0.430466
-0.37812
0.0907552
0.512291
-3.50124
5.4011
0.589883
-0.548286
-0.174771
0.394185
-0.683156
0.499254
-0.509565
3.8278
-14.9751
9.41283
-0.469192
-0.0825979
-0.171786
0.25836
-0.0727492
0.0464496
-0.251126
0.367983
-0.367589
-0.0464707
-1.51718
3.06063
-0.161168
-0.0610991
-0.476066
0.0687742
0.0391404
0.106468
0.153438
-0.0376742
0.862992
0.134222
-0.115421
0.0552161
0.539009
0.0897661
-0.137956
0.677422
-0.309847
0.405438
-1.08813
0.379482
-0.573496
-0.466215
0.0175571
-0.00317518
0.0368261
-0.453035
0.622559
-1.15835
0.769591
-0.196172
0.104958
0.417879
-0.357825
0.68636
-2.17468
-0.0070245
-0.0247579
0.295403
0.030409
-0.0188204
1.54694
0.369926
-1.85587
0.652383
-0.214333
1.47755
-0.0612768
-3.67602
4.14949
-6.62177
15.2542
-17.6358
10.9101
-4.13699
-0.112655
-1.01865
0.287541
0.0191623
0.471893
-0.508131
0.587022
0.979839
-1.25604
1.98259
1.06781
-5.05922
25.6031
-7.08217
19.4325
-33.2357
-0.0648415
0.855927
-0.412602
0.276547
-0.442623
-0.168379
0.53397
-0.772982
-0.0763765
-26.9184
205.948
-533.949
617.422
31.4943
-53.4258
26.6985
0.45091
-0.356324
-0.0141869
0.119375
0.736652
-0.650234
-0.558695
-1.23683
7.04562
-361.709
18.5959
37.0383
-45.451
-0.25724
-0.334216
-0.00325515
0.129121
0.212173
-0.0855872
1.61099
-3.10569
3.64988
-11.2507
-45.0547
30.116
4.1715
-10.2416
0.539896
-0.955365
-0.195964
0.210189
-0.0443721
0.496163
-0.163342
-1.0838
0.692404
-0.822393
1.1414
0.682663
-6.92121
-0.681373
-0.268915
0.442904
-0.622197
0.151971
0.332132
0.0716873
-0.0541595
1.36937
-2.31794
2.26193
-5.6597
7.88666
-3.46358
0.354863
-0.134007
0.255062
0.270312
-0.350347
-0.364552
0.596627
-0.756802
1.29026
-2.13979
2.00541
-2.03012
3.57954
0.129473
-2.01046
0.584153
-1.37932
-0.381099
-0.140027
-0.260253
0.271167
0.177207
-0.212429
-0.635337
0.164725
-1.24162
1.17348
-1.57301
1.17212
-0.446996
2.14522
-4.06415
3.04446
-0.034695
0.894624
-2.68144
1.74833
-0.00464516
-0.171418
0.187513
-0.224624
0.961774
-0.00559026
0.567549
-0.39676
0.446446
1.7494
0.0219657
-1.00027
-0.0892849
-0.413466
0.706538
0.648093
0.280392
-0.0437207
0.136663
-0.585792
-0.117222
-0.44632
0.418745
-0.131881
-0.378245
-0.803396
1.76873
0.0347952
-2.37384
-0.532621
-0.231102
0.351164
0.337969
-0.0892699
0.318854
-0.624641
-0.0641412
0.421519
-1.0429
-1.6824
1.52598
-0.777853
-0.238738
0.0220544
0.0258068
-0.620402
0.567752
1.20889
-1.8298
1.92937
-0.337523
0.261747
-2.11816
1.3154
0.0526353
3.71505
-6.09147
0.373464
0.0492497
-0.0559639
-0.361926
-0.23775
1.29354
-1.5098
0.437936
-0.97161
-0.881431
-3.24777
-0.418104
-0.0811152
4.62222
-0.020313
0.12164
-0.644239
0.0463704
0.11185
-0.0765137
2.62968
-2.28676
5.9992
-2.5011
6.92978
4.19374
-8.59017
2.50725
-0.772295
-0.142419
-0.333409
-0.215831
-0.0236875
0.491103
0.257138
-0.0287144
-0.550046
-0.790516
-1.28349
-1.64345
5.44936
-23.4562
8.98735
-8.0212
0.997907
-0.147676
-0.587502
-0.120645
0.998187
-1.38763
1.26823
-0.0220499
-0.11512
0.10359
6.16836
98.1119
-102.197
-6.18743
7.18305
0.61855
1.73544
1.35665
-1.71377
-0.98997
1.53303
7.55313
21.6306
-1.35143
-0.140681
0.626867
-0.552051
-0.0388411
0.0753902
-0.795985
2.49013
-2.42538
-363.564
152.01
754.571
-624.469
32.2506
12.4859
-5.7083
-7.63146
-481.325
50.8717
-199.99
-34.7298
134.23
-56.2391
-13.3088
-3.46185
2.22312
-1.97571
0.342547
0.0634629
-0.137996
0.0522625
-0.162446
0.412594
-2.19447
6.91533
133.03
-57.4157
-91.709
74.4184
-46.3926
-15.2411
33.9757
-19.1323
-17.2191
-126.956
58.1752
0.940567
-3.41239
-2.3763
4.55524
-0.256305
-0.105855
0.142262
-0.394837
0.568752
12.1758
44.618
-25.1585
-13.2687
-48.341
40.5378
-9.54579
-29.8673
-25.6808
35.5713
1.68843
0.417915
-2.47871
0.0291922
2.87639
-0.443826
0.0762329
0.672312
-0.112904
0.32172
-0.54171
1.9756
-9.61091
-13.3947
29.7773
-37.8729
21.372
-9.15842
-1.49539
-1.15427
0.754941
0.507662
-1.12871
-0.173731
0.342345
-0.169104
0.239904
0.597348
-7.13638
8.4687
3.04921
3.14844
-14.8749
17.7392
2.72249
-5.36155
1.17427
4.53183
0.0467823
-2.78324
-1.04646
3.16906
0.153448
1.11521
-3.90881
1.03805
-0.880485
0.655028
-0.0313735
-0.124631
0.206212
-0.900529
2.32744
-3.6463
-4.23079
-2.73207
0.441837
0.300195
-2.18794
-0.593888
8.39838
2.87735
-16.1746
7.72189
-2.56799
-1.92246
0.435534
0.354305
0.639385
0.413691
1.033
-0.813389
-0.0119839
0.0140911
-0.459307
-0.0220712
-0.434016
5.92912
-0.899228
-0.135917
3.62567
3.44801
-0.134618
-2.31669
2.7666
-3.82624
2.36331
2.10579
-0.777692
2.26907
-1.04148
0.710428
-1.36132
-0.636336
0.749312
-0.317057
0.0251123
-0.447856
0.540154
-0.369061
0.367657
-0.315013
1.25929
-0.922961
-2.55504
2.45342
-3.6391
4.71359
-28.6901
-30.2876
18.435
35.9999
-41.7589
16.7377
-0.402711
-1.05151
-3.27698
-2.2249
4.53857
0.145315
0.63693
-0.535001
-0.167683
0.181076
0.222552
0.166376
0.284325
1.42885
-1.32983
7.69935
-5.5975
33.6221
-12.7574
5.06785
1.21035
28.6271
-21.1098
-1.64204
-8.09155
-4.24205
3.6241
-0.232269
3.09147
-4.56682
-0.330683
1.14525
-1.85496
38.485
0.308781
-70.6454
-9.65331
5.26486
15.7092
90.5922
19.593
-81.3377
104.219
-49.9104
-139.918
16.5624
-136.235
127.914
220.167
23.3554
-133.414
-53.1584
-50.096
64.9246
43.2291
-0.214712
-1.35585
0.359638
0.264591
-0.20208
0.0854149
-0.259975
0.744424
-0.247972
-0.177744
-0.0134698
-0.190671
0.108268
-0.959911
1.02588
3.79898
4.52493
-0.231739
36.9075
3.49921
-1.93643
-3.41228
5.24875
0.16474
-0.360078
2.00428
-0.487637
-0.705024
0.966117
0.340666
0.116611
33.2449
-4.0808
2.08543
-37.1359
-58.9713
11.0042
136.289
36.3764
10.1242
-134.331
692.062
-56.6396
-8.65712
30.7777
75.4084
0.0733626
-2.10937
1.19352
-0.818222
1.18628
0.0485004
-1.0008
0.0158645
-0.0695514
-0.2772
0.126824
-0.111288
0.114224
-0.301067
0.0437925
-0.48121
-10.4705
1.04305
7.42896
2.40451
-12.9603
4.10396
-6.98565
4.35471
11.2139
-4.93806
0.504502
1.2224
1.45234
-2.38599
-2.04262
-6.51015
46.9058
-0.390712
-6.9116
7.47149
-6.49692
-16.2092
-85.8219
-15.2698
25.5583
-27.8463
8.86273
-1.54247
-0.342767
3.36908
-2.31797
-0.296756
-1.94093
1.83348
-0.11852
1.65966
-1.4284
-0.202708
1.26798
0.0223748
0.0627192
-0.279086
0.172549
0.2233
-0.547081
0.223727
-1.39454
3.40484
-0.183654
3.50333
10.3624
-4.88001
10.8322
-7.03707
-1.16373
3.01547
1.48547
2.76779
8.12465
19.4994
-30.8397
-8.65663
2.95285
-11.1419
6.1697
-0.144434
6.78167
5.6395
3.05246
-1.65527
42.8414
-17.0669
2.12006
3.64489
-7.76574
-1.63797
14.5201
5.20913
1.80685
5.20401
-6.29188
-8.12928
-3.8673
3.65278
-0.184947
-1.78202
1.20333
-0.442994
0.668536
0.254722
0.318407
-1.43581
-0.932639
-0.388727
1.91441
-0.0105141
-0.068538
0.493983
-0.277379
0.546004
0.0811911
-0.235875
6.42328
-1.90795
-4.46248
4.59151
1.0622
-8.41691
0.235724
3.03381
25.5403
-0.892159
0.717062
-1.12529
1.0713
-0.6073
-0.401569
-1.38027
1.35723
-1.83539
0.238979
-2.86522
2.03244
5.46561
-2.18756
-24.077
17.0479
17.6368
64.2601
-66.9445
55.7699
-74.5584
37.6067
-58.6712
-8.74517
2.42288
0.439631
38.6905
-17.0552
29.5441
-45.6041
-1.02538
-1.46414
7.27761
13.1225
-19.2134
-3.96609
9.35812
-14.3806
-0.523439
-1.60291
1.52458
0.448799
-0.145662
-0.293418
0.432898
0.13678
-0.22145
0.111976
-0.12705
0.00201817
0.00683191
0.0866755
0.138394
-0.310607
0.699956
0.341677
1.15618
-0.834364
0.614545
0.564424
26.1216
-2.25239
-0.564726
15.4096
3.29204
11.4971
-1.09334
2.33162
3.25782
-7.04127
-45.5873
45.2298
13.6043
39.9364
-44.6119
-35.1552
8.78278
-7.30457
-8.31398
23.7584
-15.4187
-7.99391
3.11717
-9.27606
-0.254854
-2.19595
2.12702
-0.354196
-0.313967
-0.208163
-1.43104
-0.0483106
0.0235761
0.799665
-0.251279
-0.271572
-0.0348842
0.0398793
0.0285259
0.020663
-0.0190726
0.120619
-0.163125
0.0190643
0.0458103
-0.0794384
0.140153
-0.29854
0.0479135
-0.278622
0.381517
0.082144
-0.328538
0.151146
0.253136
0.491088
-2.42666
0.129288
-3.66522
25.4537
57.1411
30.6364
-98.0474
-16.7009
19.5359
26.0752
-57.8715
58.8799
-59.6789
26.9107
-2.15924
-0.418837
-2.29815
2.75516
0.315545
0.236149
0.105056
-0.245427
0.299558
-0.423666
0.0221189
-0.164546
0.113491
0.0295741
-0.00666496
0.0517544
0.00759907
0.109585
-0.39118
0.241077
0.149718
-0.103781
-0.0623393
-0.367637
0.382988
-0.36031
0.382567
-1.81699
1.03399
3.85691
1.14237
-4.9969
1.14287
-14.5145
78.984
-68.3487
86.2298
-9.70427
-24.5314
26.9881
-6.32516
-3.91557
0.296404
6.37125
1.82785
0.458421
-0.147324
0.914078
0.711105
-0.284448
0.205819
-0.170773
0.0445202
-0.13488
0.0825216
0.0419025
0.116047
-0.24033
0.194128
-0.50561
2.88353
-2.08864
2.43468
-8.97516
-4.33997
26.5415
30.3019
-1.69538
0.581487
0.683428
-0.0360203
-0.431698
0.538951
-1.52553
0.0343646
-0.0407255
-0.0796717
-0.51034
0.205303
-0.0342988
-0.224794
-0.70011
-0.0789919
2.24428
-0.157773
0.45988
0.707723
-0.617223
-0.263496
2.35171
3.3921
3.02816
3.11369
2.57891
2.4994
2.90075
2.88502
1.86599
1.28897
0.808609
1.58734
0.205864
2.45352
0.736001
2.24612
0.725268
1.78154
1.59079
1.52647
2.69023
1.37689
2.55775
1.72605
1.42808
0.231008
1.50123
2.09098
0.749089
1.07088
1.52111
2.18269
0.269058
1.87935
1.54169
-0.196609
1.81806
1.87299
0.00813609
1.38202
0.739071
1.77726
1.52452
2.34655
0.368146
1.69086
1.72271
0.243108
2.29135
1.44707
-3.09691
2.03411
1.91038
6.15489
-1.53296
2.679
1.05704
0.863981
2.11784
1.50971
2.27712
0.903406
2.92799
-0.254139
2.44798
1.3457
0.214125
0.412663
2.70542
-6.2551
28.0207
-37.4327
31.2768
-12.2112
-15.501
12.3387
0.821047
1.36705
0.666297
1.14326
1.22198
1.83183
0.38415
2.16366
1.87964
-0.435224
1.2928
2.67429
0.734864
1.09176
1.09629
1.05691
6.48908
-18.0496
129.463
312.029
-217.966
-25.9477
-0.42951
2.82695
0.104728
1.21133
0.827002
0.681337
1.78979
1.75278
1.03843
1.69373
0.402995
2.28083
0.868878
2.17926
1.29864
1.36077
0.850427
0.221792
0.694879
4.03633
17.6956
-8.83511
1.37983
2.17548
0.0307148
0.921261
0.286603
1.53286
0.356476
1.3378
0.715996
0.0636015
1.38284
0.963583
1.90879
0.456935
1.16218
1.78266
1.45157
1.63139
1.92143
0.778555
0.951468
1.1716
1.12912
0.125053
1.62554
-3.61569
2.58743
-1.02952
2.60983
-0.259005
1.20668
1.26185
0.108858
0.954268
-0.420244
-0.336754
2.38541
0.131646
1.95912
2.27375
2.66424
0.924207
0.623659
1.02947
1.48072
0.538116
2.34348
2.68563
-0.570876
1.84331
0.221753
1.93016
2.03481
1.58321
1.70043
0.660276
2.2995
1.21683
1.54858
0.408177
1.59806
1.43064
0.0560463
1.39408
1.31331
-0.312914
1.68889
-0.058297
0.805652
2.8288
2.02861
1.4668
0.705664
2.88249
1.07636
0.453479
0.941398
0.95515
0.750097
0.404251
1.45438
0.298907
0.40081
1.90065
-0.413445
1.47994
1.67716
1.25885
0.417441
0.803046
1.8563
2.92674
0.73183
1.54532
0.490069
0.312935
-1.89757
0.397794
1.94326
1.28998
1.66064
-1.57354
-2.70707
5.42352
1.37072
0.8881
1.09132
0.674587
1.41515
-0.114296
0.558349
1.46103
0.884952
1.19059
1.6557
0.405092
1.72695
2.60975
2.08486
2.29315
1.97061
0.409698
0.915184
0.965083
1.2764
1.91855
3.57197
0.15178
-3.14918
2.39014
0.0936603
1.1508
1.14617
1.63817
0.682966
1.69697
-0.654789
1.79582
1.32132
0.435407
0.902758
1.13686
1.20096
0.600752
1.18515
0.304339
0.794767
1.51872
1.91229
1.94409
2.80985
2.54661
1.92264
1.20157
1.26103
1.93735
0.615904
0.7455
0.944926
0.0203743
0.969957
0.418513
1.00544
1.6702
0.83544
1.24587
1.27234
1.42179
1.53447
0.446949
1.57823
-0.798118
2.02705
2.18534
1.82737
1.84416
2.37814
1.62224
1.58925
0.0628173
1.35932
0.122305
1.93131
0.167613
1.28823
0.825912
0.864446
1.39709
1.16219
0.719632
1.2396
1.48581
1.03742
0.650711
1.57136
1.38004
1.51614
1.68424
-0.397734
1.80378
1.78838
1.85121
1.0703
2.5832
1.52695
1.44568
1.7412
1.62332
1.51725
0.818479
1.3671
1.15676
1.97235
0.0612078
1.92516
1.70465
0.986541
0.899145
1.99315
2.51092
1.87434
1.88733
0.996135
1.57395
0.783513
0.685754
1.33863
1.36924
-0.425556
1.51767
1.6579
1.14747
1.51242
1.6238
1.39847
2.02757
0.466971
0.92487
1.68381
2.18406
0.539301
1.42637
-0.0735794
1.74705
1.57634
1.48921
0.63571
1.13507
1.13772
1.51645
1.49109
1.00825
1.25434
1.52805
1.22364
0.646066
0.402206
2.52261
2.55848
1.05737
0.56865
0.994598
0.633635
0.271299
1.37401
1.1688
1.63746
1.8178
1.03028
0.0182629
0.300508
1.23465
1.50717
0.469025
0.817595
2.09504
2.28777
1.91207
1.80555
0.208504
0.931268
1.06012
0.185589
1.15846
1.10754
1.78663
1.76996
1.62151
1.21951
0.0249152
1.43442
1.65662
1.14741
1.7806
2.52447
1.84464
1.24912
0.641852
0.982545
0.305302
1.44844
1.76132
-0.203372
1.12605
0.868272
0.908015
1.47484
0.961936
0.60808
-0.114597
1.62829
1.00903
1.97921
1.80883
1.66802
1.84708
1.23873
0.718005
0.776743
-0.761931
1.73878
2.3122
0.176475
0.711697
0.836108
0.172621
0.042141
1.79212
1.53283
1.65568
0.992323
1.2241
1.98322
2.32607
1.53418
1.40661
0.524912
0.595454
1.18116
-0.828909
2.10586
-0.750091
0.746244
1.77446
1.3182
1.41001
-1.1799
0.548754
1.88597
1.54338
-0.350865
1.92026
2.43201
2.03401
1.68604
1.80685
1.36662
0.777504
-0.766778
1.35404
2.11131
0.469158
1.33516
1.37174
0.475813
0.483512
0.85925
1.70452
1.75577
1.98381
1.52966
2.40434
1.18371
0.536526
0.864961
0.608199
0.468207
1.35296
1.40995
1.93585
1.48157
1.40962
0.872536
2.36441
0.759008
1.41646
0.732701
0.765833
0.537958
0.837509
1.7474
0.793865
1.08691
2.27719
1.77727
0.485594
1.26014
-0.111792
1.58069
1.56261
1.67685
0.747906
0.758273
0.850742
0.632123
-0.171649
0.994376
0.463892
0.376438
1.30535
-0.349103
5.30436
1.60627
1.1182
-6.82905
-1.3538
0.354889
1.09644
0.203861
1.70582
1.80089
0.0298556
1.90052
-0.124524
1.66163
1.29895
0.450848
1.04152
1.79331
2.80782
1.66822
0.304118
1.5606
0.946186
1.12553
2.46451
1.22839
0.511562
1.30615
0.309269
0.815043
0.718335
-0.539343
1.7849
1.58393
1.33541
1.48849
2.59035
1.94609
-1.48981
1.54847
0.466181
0.245488
0.676895
1.227
0.668947
1.79494
1.25849
-2.90586
3.17373
-1.68347
1.50913
0.172558
0.645357
1.00014
2.07239
1.84452
2.41246
-1.58595
1.98449
0.781638
0.429115
1.02651
0.136886
1.4309
1.24637
-0.151321
3.66203
-2.45514
1.95678
0.546485
1.54503
1.29944
0.864545
0.222805
0.80065
0.714649
1.08924
0.156314
0.684203
-0.684342
1.18298
-0.331323
1.44447
1.19438
2.13141
1.30205
1.33329
1.11049
0.287344
1.0071
0.516947
1.61875
0.951972
0.709734
0.388878
0.479753
1.88738
1.23919
0.765119
1.30692
0.286098
0.682357
0.625068
1.84976
0.559775
1.47616
-0.263601
0.318026
-0.781473
1.73368
0.673841
0.0550442
2.16856
1.62447
1.29462
0.752096
0.405395
0.612708
0.779059
1.29012
1.48645
0.589814
0.568665
1.31804
0.935904
1.00159
1.6129
2.1557
1.25691
0.988632
-0.233783
1.25848
1.0718
0.222975
0.663794
0.223459
0.878497
0.641408
1.12795
1.95231
0.539033
1.12019
1.3019
1.01223
0.269335
0.952082
1.80566
0.709408
0.889873
1.1579
1.81098
2.14641
1.81534
1.14055
1.41995
0.961182
-0.997051
1.88709
-0.213562
-0.514916
1.40538
0.88928
1.17242
1.5831
2.3711
2.04024
1.62244
0.846021
0.0448772
1.52613
2.04978
1.63435
-0.406855
0.866168
0.811631
1.03547
1.73463
0.196091
0.492917
0.982933
1.00316
0.208337
0.959951
0.667717
1.85262
1.60309
2.18818
1.6661
0.68929
1.06217
1.04196
0.334492
1.06674
1.06439
0.581921
1.38209
0.634125
1.46543
1.75678
1.91121
1.55766
1.21405
0.658219
0.883641
1.65348
0.842099
1.09735
1.74022
1.17324
0.268696
-0.0423546
0.632265
0.586173
1.07095
1.20021
0.626336
0.721822
0.924786
0.410059
1.20046
0.471236
1.47041
1.07429
1.83742
1.02671
1.6763
2.31671
0.318199
0.848658
0.77516
1.07353
0.972051
-0.095371
1.28406
1.26799
0.773313
1.25588
1.5915
1.25398
1.19109
0.370028
0.59
0.94914
0.961251
1.56012
0.418279
2.12309
0.771524
0.668772
0.676058
0.917261
1.1244
1.29024
1.12643
1.28504
0.952126
2.69823
1.46843
0.515858
1.0119
0.528388
1.48186
1.69744
1.74137
1.99073
-0.830381
0.860935
1.44591
0.252633
2.11731
1.85538
2.00053
2.46566
1.57208
0.663104
0.863281
-0.0541998
0.475317
1.40323
1.80829
0.607054
0.0144225
0.670228
-0.423081
1.24932
1.56813
-1.36787
1.82027
0.31092
1.18079
1.49155
1.1483
0.972281
0.117304
0.552333
0.491866
1.17853
0.453057
-0.0341378
-5.80119
17.1859
-35.3173
9.89317
1.11733
0.456638
1.04865
1.65254
1.16608
1.73312
0.6002
0.982062
1.36182
6.54257
-220.789
-608.964
585.365
17.631
-22.4116
-6.57693
0.70209
1.73899
2.36392
1.36204
-0.154257
1.28343
0.564538
0.233094
-0.421649
418.386
-7.93182
7.70451
-38.3497
1.49074
1.41952
2.30876
2.15337
0.986567
-0.210597
0.63213
0.832153
-0.0320475
3.31208
20.5113
-7.50957
4.06378
1.24612
0.272212
0.725405
1.85404
1.94084
2.31384
0.927649
0.71108
0.697464
0.225746
0.617937
-0.378086
0.324389
2.89153
0.222913
1.2851
1.02945
0.133393
0.970321
1.2966
1.3691
1.59423
0.260797
0.938574
0.260038
1.53679
-1.79203
2.13704
1.09027
1.43106
1.07384
0.860003
1.40831
1.31228
0.424012
0.769492
0.59336
0.914812
0.0969098
1.08516
-0.515674
0.352992
1.0409
0.268804
1.05477
0.0679663
0.9663
0.637995
1.58589
1.56239
2.03468
1.49799
0.844471
0.533134
0.288325
0.632161
0.444394
0.697774
1.23631
1.03936
-0.330947
1.19274
0.958439
1.16734
0.315163
1.12988
1.6298
1.33685
1.9959
0.327708
0.153241
0.314203
0.661052
0.191955
-0.284087
0.375653
0.914768
1.5351
0.272336
0.794994
1.43704
1.454
2.3428
2.27701
1.25902
0.0655931
1.15993
-0.409143
1.15852
-0.0244753
1.44988
1.07245
1.13764
0.489514
1.40155
-0.176467
1.53117
1.15839
0.821042
0.815377
0.659908
0.549836
1.15409
-0.412474
1.81204
-0.232014
1.56171
1.98669
1.55708
0.388297
0.739248
0.264724
0.402172
0.453188
0.281402
0.268612
1.22386
1.30887
1.076
1.31526
-0.880593
1.65456
1.04719
2.53453
1.24162
0.704004
0.846769
0.281159
0.955217
0.895283
0.265415
1.50819
-0.07997
1.56312
1.59026
-0.709964
0.94471
1.55265
1.532
2.12396
1.5221
1.10939
-0.179094
1.24644
-1.24907
0.567937
0.067293
-0.413072
2.47765
0.255416
1.31301
0.60817
1.27601
2.0315
1.92952
0.663429
1.42988
2.15051
1.70171
0.909466
1.15251
0.45513
0.296904
3.21947
-0.517879
2.1368
0.577033
1.57615
0.758017
0.711985
0.488717
1.48342
0.197366
2.28005
1.39427
1.52783
-1.17263
108.259
-12.7323
1.71544
-1.84173
11.6885
-0.445941
0.799054
1.27898
1.30681
-1.92262
-1.82152
-1.18223
1.19439
0.239608
1.30156
1.96307
1.42901
1.48657
1.27853
0.702365
0.564238
-217.527
2253.42
-1449.91
89.6878
-8.04022
-4.62293
2.08368
2.21909
-111.431
-60.1295
92.5007
13.2422
-34.5608
17.2295
4.6477
0.994033
1.10556
0.802829
1.0579
1.44599
1.45973
0.930187
2.132
0.849116
0.492942
0.0558162
1031.44
299.874
-1336.38
58.4824
23.3691
-5.57464
-15.583
9.29469
26.5258
20.7968
-8.13682
1.89199
1.21845
1.76364
-0.823651
1.90468
0.955549
1.50992
1.22804
-0.182536
1.52992
-8.33759
7.07913
-1.30171
13.6879
-19.2545
-8.65881
21.4034
-35.947
1.41628
0.430011
-0.000765036
1.05331
0.813616
0.18241
1.55084
2.10624
-0.643978
1.59964
1.54675
-0.110388
1.79921
0.827792
3.02489
-4.65106
7.07222
-5.29713
8.57956
2.15198
1.17629
1.00704
1.65691
0.528427
2.11033
1.46734
2.65908
0.711509
0.158478
1.89743
-1.7648
0.792328
0.253442
-1.78598
-0.264508
-1.2999
2.13587
1.82607
-2.66746
1.578
2.49467
2.26878
-0.342077
1.91567
0.369936
1.46207
0.161301
1.91264
0.846113
2.79674
2.70947
1.7404
0.917711
0.120351
1.56028
-0.377066
1.04926
1.16292
-0.577987
0.433757
1.7722
-0.994813
0.222409
3.82175
-1.0809
1.57214
2.58771
-0.244782
1.0474
1.14065
0.350993
0.865834
1.59878
1.07708
2.57789
0.961888
1.0516
0.902565
0.200224
0.862573
1.08756
0.0883757
0.638569
0.536553
0.513219
0.383002
0.324834
1.05889
0.421469
2.5699
-1.23389
2.23316
-0.566284
1.71345
0.995245
0.524587
2.37357
2.67593
1.54429
0.610993
1.56646
1.06583
1.3525
0.837904
-0.252956
1.35459
0.415557
1.45074
0.100813
5.51589
6.0893
-3.03502
-7.1166
10.4506
-3.65621
1.92298
1.45291
2.64439
1.77998
-1.99516
0.985585
1.35752
1.65726
2.62311
2.18421
1.10018
1.08176
1.36032
0.642621
1.44645
-2.2103
1.14853
-5.59596
4.37203
-1.23094
1.75889
-6.97843
3.2367
1.69932
5.77046
-1.64542
1.10522
2.65807
0.64823
1.57054
1.51184
0.291267
2.38061
-5.24574
3.03463
10.9628
6.70856
-0.919238
1.90218
-15.9461
-2.52799
7.76767
-7.15602
7.18329
33.2704
-3.427
13.5773
-5.94715
-38.7985
-2.46775
20.7566
3.26025
9.04807
-3.88319
-2.54653
2.54661
1.44408
1.08082
1.89971
2.06256
1.24883
1.88895
-0.0202461
2.42379
1.59151
1.15001
1.56697
1.27677
1.11756
1.22066
-0.223907
-1.6482
0.109704
-4.68815
0.110365
1.07481
2.19407
-0.163869
2.30924
2.37528
0.840669
0.859643
0.74873
0.564655
-0.0771107
2.27037
-6.09945
0.665517
1.16054
7.18141
16.3919
-2.10388
-12.6915
-2.66832
-0.787754
11.1142
-33.1372
-16.4992
0.453305
-5.78435
-10.921
2.32581
1.46818
-1.38213
1.71754
1.02596
1.46378
2.71072
1.71246
1.77929
1.55643
1.42626
1.65435
1.23425
0.463942
1.32184
1.09219
2.36315
0.760829
-0.749563
0.334829
1.97181
-0.364452
2.41638
0.12219
-3.72745
3.82072
2.63934
1.97657
2.4689
-1.2118
-0.672084
6.87778
-15.9293
2.22712
0.511451
7.28546
3.25428
-39.4255
-16.1541
6.21399
13.9986
12.7924
-3.69517
2.06549
0.357227
-1.09199
0.251021
1.251
1.72956
-0.855306
1.42232
0.268943
2.18237
2.75623
-0.782656
1.95819
1.76689
0.952293
1.68093
1.27778
1.3085
1.63148
1.6366
-0.0690483
1.63958
-1.15015
0.0169085
3.15529
-3.68248
2.67533
0.95916
0.417489
0.643793
1.47685
-2.23453
-6.75417
9.81014
5.3073
-2.112
1.5253
1.66177
3.00266
-2.60817
0.858576
-2.67663
-9.65022
41.2242
-7.38148
0.800875
-0.340742
1.8411
-3.19709
-13.4425
1.32834
-0.80042
-1.67714
1.43512
8.99079
0.0566641
1.58049
2.13072
0.564853
0.669754
1.09194
1.55128
1.74483
1.0274
1.40179
2.08936
0.753354
-1.12989
2.39505
1.88709
0.902611
1.43436
1.21358
2.01017
2.20312
-1.30118
2.45248
1.05094
-1.02034
-0.0405079
1.03286
1.03327
-0.674657
-3.36276
1.41784
1.52025
1.88512
-0.126327
1.6592
0.593313
0.973859
0.29356
1.30819
1.08107
1.19876
0.977396
-0.646331
1.17848
4.80308
-1.93079
-3.79084
-10.2799
12.799
-9.72283
12.1764
-6.65083
11.6536
3.24714
0.763854
7.80001
6.69564
-30.3564
-8.63408
34.3913
1.37021
6.10174
-0.816348
-1.60578
4.71815
1.5155
-0.798764
3.57312
2.82014
0.589621
0.467238
0.742853
1.9455
1.6794
0.702622
1.99356
1.97253
1.8287
1.8424
2.16662
1.80725
1.39988
1.77665
1.8613
0.486151
0.797714
0.704919
1.15626
1.43115
0.69305
-0.319538
1.33303
1.13517
-1.34801
0.063295
-0.840014
0.991374
0.399752
1.2733
0.513217
8.69916
-6.80492
3.2185
13.2603
-8.75147
-1.82233
-1.28158
0.514928
2.26415
-3.56656
2.84067
3.25065
1.09152
0.978682
3.25457
0.626154
-1.64976
0.964928
0.802666
0.406698
1.4127
2.12623
0.103606
0.846712
1.94541
1.08957
2.43277
1.67446
2.69273
2.35308
2.24391
1.39424
1.76553
2.40833
2.27977
2.20379
1.31347
1.49664
1.61217
1.18625
1.25218
1.08008
1.52509
0.79844
1.46019
1.01032
1.39569
-0.134687
1.9766
-4.10777
-2.13663
-1.43092
9.40995
3.87008
-3.38975
-5.51698
12.6907
-18.2663
18.1504
-5.34353
2.99949
1.32266
1.75731
-3.04378
1.66288
0.721867
1.48858
2.86522
-0.00283464
1.95206
2.72631
1.84925
1.54846
2.60163
2.72097
2.40555
2.52087
1.77786
1.68189
1.85537
1.16804
1.73083
1.71977
1.58504
0.817796
0.645715
1.33347
1.04224
0.524791
2.1213
0.585695
3.05052
-3.56503
3.40171
-4.06024
6.45052
-8.87501
1.71036
4.13832
-2.0655
-0.843984
-0.604517
2.32452
1.75015
-2.03404
2.50475
2.16157
-0.162575
2.82431
2.44692
1.84994
2.32386
1.80485
2.38147
2.21267
1.77685
1.78096
0.863224
1.15862
2.12277
-0.0990022
1.49789
-0.278157
0.567863
3.21923
-1.48784
-4.92394
1.80535
0.0904692
1.56012
1.35681
2.35803
1.96606
-0.0851405
1.78116
2.51358
2.71364
1.41683
1.96619
2.51832
1.8165
1.58275
2.21023
0.393846
2.33021
1.54259
-0.767281
2.73259
2.92375
-1.30071
-1.75465
-1.64845
-1.52155
-1.19224
-1.66583
-1.88007
-1.61327
-0.491315
-0.640242
-0.230064
-1.4711
0.415895
-1.09721
-0.408831
-1.08018
-0.615934
-0.74487
0.0850607
-0.804032
0.24061
-0.170712
-1.50067
-0.736891
-0.880593
-0.756636
-0.857249
-1.69105
-0.534557
0.261247
-1.71894
-1.12411
-0.77841
-0.428908
-2.18994
1.56805
-0.652034
0.731051
-2.5148
-0.965726
-0.559958
-1.21542
-0.482675
-0.960464
-0.494323
-1.07052
-0.146861
-1.58226
1.46531
-2.82823
-1.15184
-1.719
2.54178
17.262
-14.6334
7.6283
-3.84751
-0.266511
-1.23772
-1.1895
-1.88868
-0.708271
-1.72545
0.395698
-1.50882
-0.948851
-0.465454
-1.1829
2.36929
-6.97605
15.8531
-0.343428
-13.4557
55.0404
-35.4746
-14.285
13.8771
-3.77372
5.0787
-1.1126
-0.285867
-1.25431
-1.07526
-2.21187
-0.840061
2.7825
-2.33895
-2.0698
0.954942
0.686508
-1.64679
0.934355
-1.80627
-14.2486
-22.3631
22.5717
61.9785
-105.176
-5.58526
1.1282
-0.361371
-0.466961
-0.550998
-0.524129
-1.23377
-0.8229
-1.98303
1.07606
-1.47574
-1.19957
-0.983903
-1.57578
-0.986529
-0.642226
0.559724
-5.00076
-8.49308
10.2978
35.2428
-56.7844
-4.92432
-0.53566
-0.751248
-0.813662
0.665014
-1.51217
-3.16429
4.39307
-0.395462
-0.818918
-0.790934
-0.607779
-1.54562
-0.544973
-1.47421
-1.69543
-1.0707
-1.29905
-1.9735
1.29913
-2.38232
1.4438
-1.17927
-2.58242
5.09774
14.0201
-3.03587
0.167997
-1.62098
0.353862
-0.455579
-1.65188
2.18095
-1.70148
-0.738638
0.00194107
-2.0692
-0.744229
-1.97841
-1.94682
-1.79805
1.00948
-2.07374
0.733529
-0.537913
-1.28877
-0.697647
-1.8171
-0.070544
-1.10041
-1.22094
-0.0818163
-1.44661
-1.779
-1.83172
-0.00940007
-2.08833
-0.613638
-1.83815
1.44409
-3.38151
-0.932857
-0.25137
-1.62864
-0.82032
-0.193942
-1.14058
-0.887441
-1.14214
-1.80744
-1.52063
-1.4537
4.64353
-2.85326
-2.417
2.04425
-2.52002
-0.0649378
0.538624
-0.5827
0.316981
-0.0250917
-0.510766
-1.33315
-0.209574
-0.82797
-1.19527
-1.81302
0.688911
-1.32222
-2.65892
-2.17976
-1.29585
0.620089
-6.81494
-0.255966
2.26507
-3.09747
-2.62773
-2.05996
-0.274422
-1.00603
-2.53278
0.304267
-1.05339
-2.49387
-1.43209
-0.701247
-1.2613
-0.77182
-0.582798
-1.9337
-1.04943
-2.0607
-2.48815
-0.869675
-2.69007
-1.74834
-1.28429
-1.5234
-1.81481
1.94962
-8.61187
15.3708
7.25518
-19.4649
-8.15028
11.489
-3.16092
-0.983755
0.170145
-1.65956
-1.20488
-1.17299
0.330349
-3.2325
1.84084
-2.04453
-0.149868
-0.28746
-1.57448
-1.29953
-1.02353
-0.600988
-0.303048
-1.50736
0.122511
-1.47863
-2.48892
-2.32965
-2.3282
-2.17335
-2.83852
4.88178
-5.52098
-3.38069
2.73336
-4.3304
4.46997
-1.78201
1.1676
-1.47593
-1.19623
-2.2512
-1.58632
-0.981982
-1.63116
-2.07229
-1.94722
-1.05213
-1.29979
-0.430279
-2.47761
-2.62236
-1.82221
-1.70028
-1.7531
-1.49007
-0.377454
1.25754
-1.84559
-3.00712
0.00608176
-1.49612
-0.560031
-0.984069
-1.34732
-1.51048
-1.79137
-0.793659
-1.12907
-2.32345
-1.00992
-1.44745
-2.25372
-1.80439
-2.02856
-2.31683
1.02681
-2.57473
-2.16283
-1.61095
-1.26663
-2.2057
-1.14001
16.8371
-17.8955
-2.16889
-1.87397
-1.41678
-1.74703
-1.98452
-2.95984
-0.183521
-2.62549
-1.74608
-1.71249
-1.38324
-1.82042
-2.41043
-1.32617
-1.88868
-0.716003
-0.532714
-2.29797
1.10738
-1.94871
-1.72404
-0.481543
-1.51323
-2.75462
-1.41302
-2.25935
-1.57208
-2.14215
-2.62299
0.718931
-1.00215
-2.51103
-1.97697
-1.01996
-0.811524
-0.0894869
-1.73409
-2.3994
-2.90205
-0.774072
-1.74483
-1.97031
-2.60577
-2.02828
-1.63306
-0.551472
-1.4607
-1.7188
-3.10492
2.79505
-2.68987
-2.43788
-0.863632
-0.15706
-1.58893
0.260043
-0.953699
-2.24699
-1.71837
-2.944
-2.86548
-1.21709
-1.07803
-1.23738
-0.744588
-2.03868
-1.1927
-0.909864
-2.31089
-2.26032
-1.54746
-1.49803
-0.862621
-0.186942
-1.23445
-1.47354
6.99772
-6.36105
-2.91656
-2.93768
-2.33174
-1.79269
0.441162
-1.21946
-2.00314
-1.10084
-1.48202
-2.37967
-2.07329
-1.58463
-0.481716
-1.34729
3.61871
-4.5599
-2.8346
-0.55319
-1.64793
-0.52439
-2.31137
2.17726
-1.59323
-1.2522
-0.451681
-2.0051
-0.971621
-2.5435
-2.25979
-1.90964
-1.88149
-0.92387
2.28392
-9.89144
8.7344
11.7054
-12.404
-0.0826428
-0.622421
-1.5981
-2.37658
-3.04824
1.33393
-1.72065
-1.97952
-0.262156
-1.76398
-2.07057
-2.04664
-1.6544
-1.30202
-1.47048
0.469495
-3.55784
10.9194
-35.3028
45.2052
-11.2874
-3.15086
-2.08339
0.959224
-1.53185
-2.06232
-2.67487
-2.11561
0.198462
-1.70634
-2.36184
-2.02491
-1.86354
-1.94391
-3.11385
-27.0159
72.1738
8.72757
-57.1018
-7.66158
-2.25799
-0.999512
-0.802435
-1.45789
-0.544071
-2.67487
-2.5335
-2.22221
-1.08
-2.50017
-1.14519
-1.52098
1.67193
-9.05878
8.24067
-2.03974
-1.60674
-2.54872
-1.58016
-1.05808
-1.57534
-2.50741
-1.10145
-1.37205
-0.550465
-0.86289
1.64039
4.63478
-7.3619
-0.324321
-1.94676
-2.45401
-1.56435
-0.200902
-1.49257
-0.353389
-1.35432
-1.43547
3.33469
-1.5959
0.2646
-1.10711
-1.38741
-0.983774
-1.80163
-0.499263
-1.51705
3.71256
-5.22336
-1.88534
0.902837
-0.383054
-1.42323
-1.16702
-3.63527
-0.999397
-1.33866
-2.12586
-2.32594
-0.0300743
-1.56121
1.03978
-1.99978
-0.845109
-1.31226
3.52639
-1.05928
-1.65319
-1.30604
-0.390675
-0.503135
-0.540954
0.177821
-2.2821
0.0493565
-1.32023
-1.62862
-1.03828
0.25137
-2.31773
5.88777
-6.07512
-1.05354
-1.40889
-1.98178
-2.60724
-2.38934
0.974136
-1.95222
-0.923901
0.335893
-1.37795
6.77999
-7.72647
-1.90486
-2.17142
1.12516
0.925313
-3.51972
1.45959
-0.419572
-0.266252
-0.953368
-2.0803
-2.06155
-2.44814
0.616045
-1.44867
0.386514
-1.86556
2.2728
5.16917
-7.41853
-1.55438
0.131918
-5.37526
4.64504
-1.40998
-0.898233
-1.63743
-1.49105
-1.1333
-0.954365
2.25873
-10.8131
-14.5195
22.7431
-3.30056
2.19198
-4.3594
2.56859
-1.62735
-0.850091
-2.45132
-0.909638
-1.53791
-1.69724
0.954544
-1.70882
5.57404
-6.21987
-2.82713
10.136
1.705
-10.6129
0.62224
-1.63976
-0.61169
-2.07697
-0.147903
-0.520111
-1.70487
-0.93921
-1.53753
-1.27694
1.08421
-1.25465
-2.10721
2.49926
-0.564645
-1.5303
-2.45033
-2.3661
-1.96201
-2.33834
4.20607
-7.35603
6.98292
-4.42613
-2.93224
4.14397
-3.35471
1.16577
-1.9827
-1.04614
-1.56326
-2.34965
-1.47122
-3.00876
3.20153
-3.30383
-3.00691
2.27769
-2.55359
-0.598302
-2.7784
1.79619
-1.05863
-2.47523
-0.986587
-1.21289
-1.90272
-1.43289
0.54835
-1.97747
-5.165
0.996704
-0.162968
-1.51722
-2.06745
-2.27869
-2.4642
-1.49284
-2.29131
-1.53381
-1.54807
-1.06878
13.6389
8.29413
-16.2716
0.143315
-2.03952
-1.55279
-2.9333
-2.80242
-2.29427
-1.55174
-0.932309
3.39219
-2.85066
-2.38055
1.53733
-4.59099
-1.3996
-0.673327
-1.91786
-0.581822
-1.40822
-0.628461
-0.885893
-0.929606
0.178637
-1.23393
-2.13065
-1.79808
-2.21811
-2.37895
-0.809691
-1.60104
-3.07629
3.94168
-3.30382
-8.32548
8.1493
-2.95368
-0.54901
-2.14085
-1.95415
-2.48702
-2.53078
-1.47679
0.660608
-3.5532
-2.21596
0.0861068
-1.03551
-2.30384
-2.27334
14.5987
-22.5801
-2.18398
1.34687
-1.13954
-2.00623
-0.292498
-1.51466
-0.521746
-13.5482
283.367
-282.563
-1.45248
-0.772631
-2.13675
-1.42732
-1.79894
-2.63606
-0.18207
-1.60102
-0.99176
-0.833592
-0.274686
14.622
-1.50007
-1.48397
-0.268338
-1.46708
-2.38568
-1.93885
-2.07142
-0.22873
-2.36551
-1.42561
-0.555211
-2.11845
-1.05294
-2.50157
-0.73133
-1.65623
-0.93608
-1.34961
-0.0257502
-2.05355
-0.841936
-0.966622
-1.01818
-2.82848
-2.15986
-0.568099
-3.66976
3.92708
-5.46485
-1.66645
-2.23597
-3.76258
2.08204
-1.54585
4.94102
-3.38459
-2.85393
-2.62349
-2.34562
-2.67829
-3.99717
-1.46985
-0.211029
-5.13106
14.4409
-9.81293
-2.0945
1.98007
-1.66079
4.30758
73.0543
167.998
-191.554
7.69345
-2.38238
0.794076
-1.70405
-1.77837
-1.75966
-0.88429
-1.00407
-1.42697
0.607106
-7.40822
20.9584
-61.427
-16.0327
-9.67533
14.2151
-2.54536
-1.23224
-1.40885
-0.710077
-2.24644
-0.805124
-1.64685
-1.26988
-0.531468
-12.0194
36.9089
33.5506
-297.992
263.093
-40.7017
-26.4752
-14.1974
-1.33035
-1.9042
-2.47229
-1.61983
-1.19278
-1.39438
2.51208
35.0689
-57.1204
-13.4592
46.5719
-35.2576
31.4184
-1.53257
-1.68017
-2.76092
-2.51871
-1.83618
0.164409
-3.13926
2.95337
-9.5212
36.0438
15.5131
-115.14
-16.3122
96.0609
-0.464264
-0.33212
-2.06784
-2.44528
-2.33699
-2.31372
0.0731117
-1.976
3.4851
-7.82286
0.983668
3.6614
-4.15172
0.0361595
-1.77226
-1.4244
0.906581
-0.759175
-2.09719
-1.61906
-2.55358
-1.54949
-0.415972
1.21083
-6.91273
7.28888
-6.26611
-1.58149
-1.47956
-1.51971
-1.3892
-1.16982
-1.0315
-0.94313
-0.443318
-2.13415
-0.183466
0.667437
-5.01434
10.1728
27.1699
-18.2819
-16.6847
-1.16298
1.72484
-1.76291
-0.468281
-1.98625
-1.77801
-1.87108
-1.74449
-0.927271
-0.725344
1.83468
-6.66869
19.8589
-50.0249
-4.46855
0.023051
43.5474
-2.45701
-1.41871
2.61935
-1.68045
-1.39517
-1.79478
-1.76471
-2.01719
-1.90909
-0.144117
-0.933792
-1.24986
0.218014
3.28058
-2.95128
-7.82768
-1.41885
0.0697763
-1.29289
-1.98185
-1.93718
-2.56139
-2.43084
-1.28603
0.483187
-1.97854
0.964005
-3.6706
2.92082
-3.53031
-9.25337
-2.07164
9.01521
-1.01815
0.684801
-2.00879
-2.31588
-1.13819
-1.96323
1.61065
-0.333009
-3.5473
3.87446
-1.03027
-0.902978
-1.05111
-1.9302
-2.3864
-0.398937
-0.298751
-1.46997
-1.496
1.08902
-1.8269
0.284565
-3.42892
1.39873
-3.72068
-1.65439
-2.80486
5.03953
-1.36764
-2.5849
-1.58652
-0.399237
-1.23124
-2.03386
0.343732
-4.22938
7.51791
-34.1368
50.2868
-20.461
-1.99838
-4.46022
-0.957353
-1.87461
-0.998147
-3.04732
-2.34117
-1.16956
-2.47312
0.948509
-6.19361
10.509
-32.9679
-3.21364
9.76321
-3.72561
-0.227658
-0.635662
-1.15739
-2.01066
-1.86808
-1.1621
-1.85867
-2.15486
-4.3994
-0.9929
1.33323
0.113509
-109.658
-300.15
-3.9408
-189.673
-3.02622
-3.22522
3.3329
-0.888689
-1.61713
-0.188644
-1.41391
-2.31653
-1.66675
-2.10507
-1.33982
-19.3304
-17.7813
0.668527
16.4578
16.146
-0.743516
-1.83748
-3.65304
-12.5539
102.322
8.22601
510.432
-3.08008
4.13932
-2.23406
-1.59861
-1.76442
-2.32378
-1.79987
2.51522
25.2076
38.0606
-41.8376
-48.346
-33.9946
-73.1736
7.57221
-21.2818
7.13856
8.45011
38.2617
145.061
-21.7917
-128.605
84.2142
-20.6459
3.58269
-5.65915
1.56051
-1.56026
-1.57925
-1.35237
-0.950857
-1.90056
-0.325809
-4.81821
23.1572
-56.4246
82.2487
-13.8851
-25.0908
295.352
-46.5586
-61.3912
49.7131
6.47511
43.2598
-283.916
-5.30934
4.19428
0.084826
-3.72464
-1.77269
-0.813906
-1.55279
-0.0183188
0.49159
-19.3323
-55.6933
-97.7395
165.621
-86.8568
81.4768
1.10412
4.01516
1.65872
36.8541
-1.98938
0.971404
0.884809
-0.839128
-2.88562
-1.26615
-2.08006
0.0183376
-3.06677
-3.90635
6.20934
-24.5763
-45.9203
47.3736
-51.7604
53.0393
-27.803
14.557
-1.03757
-0.132123
-1.56084
-2.18279
0.565236
-1.85974
-1.80322
-2.21925
-2.13754
5.32029
29.2791
-43.0424
6.57048
-7.76957
-41.8266
37.7429
0.436255
-9.13409
0.435763
-5.18682
-3.18412
3.36647
-1.46684
-5.18218
-2.41302
-0.866941
5.50159
-1.06553
-1.10968
-1.37171
-2.4712
-2.14817
-2.35335
3.69437
-14.0236
22.9314
-50.2675
4.77551
0.75226
-3.89487
3.91427
4.67075
-28.2706
-26.9646
38.0945
2.89181
2.61057
-0.707646
0.395523
-0.972843
-1.88848
-0.361689
-1.64326
-0.891358
-1.02453
-2.13832
-0.56053
-1.33855
-1.25407
35.9858
-1.86277
-1.59144
15.1449
-18.7955
12.8328
-20.5258
2.40158
-5.37033
1.3564
-11.2418
-3.52479
1.23173
-1.92312
1.76426
-0.532834
-0.473088
-1.12161
-1.8477
-2.29714
-1.56926
-1.26389
-1.6059
-1.49021
-1.2636
-7.34143
14.158
3.04921
-3.49989
0.920397
1.25911
-201.166
77.4092
-76.4432
-74.6641
84.5384
-35.5032
-1.86131
-0.289995
-1.13664
0.0151836
-1.45702
-1.0417
-1.73971
-0.990235
-1.98539
-2.88943
-1.74276
-1.73797
-2.0975
-2.55318
-1.04737
-10.4815
11.6568
226.702
25.3418
-23.007
-13.2768
-77.6966
-19.3673
-7.23363
-137.534
67.8227
-16.7905
-2.19931
3.97648
-5.37029
-2.49439
6.64026
-3.83729
-115.321
-31.1642
250.085
-36.5595
31.9344
-15.803
-418.046
-41.1448
-76.491
95.2418
751.171
178.923
-149.404
-247.944
295.522
-1583.08
-98.1883
542.057
-307.246
0.816489
306.819
-102.579
-3.28377
0.94066
-1.08389
-2.03782
-1.72184
-1.17634
-1.49056
-0.643366
-1.76883
-1.79947
-1.43874
-1.8618
-1.90243
-0.00507774
-3.41777
11.9294
-8.05785
18.7897
139.207
-13.1903
9.08421
5.59786
-12.6958
-1.84179
-1.68611
0.771801
0.893948
-4.71873
-4.73757
20.0674
-7.87545
-113.007
14.5407
-8.78104
416.318
73.9755
0.397237
762.047
-154.502
-9.43824
-796.381
-135.363
1.69
-36.6933
-0.541737
69.5284
-3.14971
0.19568
1.73724
-0.744007
-2.2235
-1.29275
-1.45643
-1.99322
-2.04858
-1.54833
-1.98523
-2.01904
-2.25149
1.29427
-3.12305
-1.22472
40.238
-4.10525
-40.2197
5.8809
-32.2899
-18.6892
-26.6255
-10.8879
-19.4947
3.7901
-1.69006
-3.39833
-6.2957
4.44154
6.29191
-0.607611
-44.9814
-3.28161
12.265
3.34246
-3.27129
-12.069
18.0236
-26.2941
19.6833
-53.2649
121.062
-0.756451
1.37501
-2.3864
1.50426
-0.729837
0.100729
-0.833174
-1.11516
-1.51138
-0.660884
-1.96049
-0.26819
-2.33639
-2.25427
-0.670443
-2.37944
-1.81182
-1.05651
-2.44646
-0.41454
-5.13524
-1.81544
-2.30394
56.3559
-5.65879
28.7199
-5.61872
-3.58218
4.33467
1.29459
29.3168
-55.9895
-7.93865
-27.609
-9.45298
6.4318
7.67385
-3.08351
-5.76396
30.1831
-16.2409
1.62137
-2.15179
-4.57015
6.33171
0.709352
5.43048
-18.8849
-23.4598
35.4024
-123.377
49.0774
-14.4936
-49.2883
22.524
6.34582
10.2076
-2.47739
2.096
-1.18083
-1.15652
-1.43328
-1.68432
-0.779155
0.0988092
-0.913192
-0.31185
-0.588675
-2.83246
-2.31805
-1.73249
-1.61091
-2.16542
-2.62828
-2.80928
6.35372
-1.57227
-4.85538
-2.80448
-2.51316
-16.8867
-2.21786
7.88136
68.2964
-0.123524
-2.34016
-5.71013
4.00652
-1.93083
0.59298
0.853184
-2.3137
0.908196
-2.22366
2.4472
-3.75601
-4.61483
0.755486
-59.305
56.6746
8.99053
0.595548
-18.5953
-22.8789
-6.46814
-2.96948
-13.8834
-3.07324
4.43499
-3.26648
-4.10998
3.29212
4.34865
0.603055
3.40606
-12.0489
18.1295
122.25
-93.7783
-21.5984
34.7649
-64.4885
-2.54715
-0.399463
-0.925931
-1.12677
-1.43164
-0.928513
-0.740959
-2.48305
-2.15199
-2.33707
-2.11538
-2.41072
-2.24421
-1.55178
-2.1967
-2.03656
-0.0752259
-1.24024
-2.16613
-0.345781
-2.89689
-1.10008
-0.652761
0.951866
-2.28974
11.813
4.5453
22.4234
-2.15159
0.11523
-4.45834
-0.183418
12.8436
12.8775
-4.32769
-14.5499
16.8534
-13.0552
8.28733
3.482
73.1132
-11.1818
49.1764
-28.4763
-0.920465
-3.79837
-2.64907
0.412631
-0.816039
-0.438931
0.482833
-0.953033
2.70357
-1.58172
-0.108087
-1.32423
-1.24124
-0.571364
-1.6965
-1.09153
-2.98439
-2.78563
-2.61298
-1.6624
-1.97906
-2.90074
-2.66883
-2.41303
-1.49077
-1.31608
-1.72108
-0.982997
-1.30736
-1.15287
-1.25577
0.116924
-1.78114
-1.05292
1.77633
1.48634
-3.56488
-30.2929
125.113
-16.2762
-89.6725
7.14687
-69.358
-24.2361
60.8105
-106.062
-70.4855
4.81563
1.1257
-2.44916
0.894763
-0.55649
-1.42484
-1.52926
1.57693
-1.85053
-0.0516751
-0.938636
-2.94989
-1.85438
-1.80662
-2.81109
-2.82555
-2.73987
-2.74344
-1.95805
-1.30299
-2.16058
-1.36929
-1.66628
-1.48293
-1.18362
-1.07485
-0.237969
-1.48373
1.09427
-2.20479
-4.71338
-5.91258
23.1593
12.09
-87.1672
-70.0772
-204.843
320.388
100.717
-445.612
457.979
28.0031
7.19288
-0.769234
-23.6948
-1.70116
-3.15341
-1.95435
1.5276
-2.63023
-1.37921
-1.2803
-2.08404
-1.63313
-2.07174
-2.08534
-1.44817
-2.08386
1.17562
-1.21011
-0.81443
-5.8403
1.36421
-2.84762
13.5204
0.592897
-40.3367
-26.5363
0.32619
-1.15918
-3.32457
-0.600988
-1.41987
-1.74123
1.51985
-1.10445
-1.53934
-2.15339
-0.695281
-1.68619
-1.89978
-1.12493
-0.615263
-1.49182
-2.52892
-1.49089
-1.49694
-0.0979726
-1.22078
-1.6023
-3.52014
0.0243216
-0.00875766
0.00862032
